41.22719984093085	45.54772652478317	41.69964381995767	39.66325044893276	2.216568150032798

46.90356412758285	48.20229228502246	65.75834279472538	81.47985816603348	2.007128639793479

17.58855196069393	20.79280338287019	29.11202739986440	 4.72523391341739	2.164208272472969

-73.86927888826112 -67.40422565780501
-85.06811218933929  52.56820606166796  
 91.11410710399007  41.20945870358681  
 77.78174593052022 -77.78174593052026

-58.00819088421293  -81.45581495719453  
-44.07432825311862   89.76331984188391 
 97.98357438999361   19.98046920771855  
 73.61853129370986  -67.67800122755592